0 -0.030738809994607274 -0.04133430021754881 0.16315872764677913
0 ( -5.3919999999999995 , -5.563 ), ( -3.9659999999999993 , -4.136999999999999 ), ( -1.4699999999999998 , -1.2638000000000003 )
1 0.04175867314392298 -0.023500810372771457 0.11503531786074679
1 ( -4.246 , -4.075799999999999 ), ( -3.374 , -3.4552 ), ( -1.7680000000000002 , -1.5856000000000001 )
2 0.06846633352222956 0.04932962307108509 -0.5017567831348815
2 ( -4.148 , -3.8822 ), ( -4.148 , -3.9530000000000003 ), ( 1.0210000000000008 , 2.0492 )
3 -0.1804795961295756 0.1517552483951188 0.12967785493827155
3 ( -1.9479999999999986 , -2.377 ), ( 3.9830000000000005 , 3.4582000000000006 ), ( 4.6850000000000005 , 4.147200000000001 )
4 0.030045451862345755 0.08240360148757087 -0.03724407327586201
4 ( -6.98 , -6.776400000000001 ), ( -7.742000000000001 , -7.152600000000001 ), ( -2.859 , -2.9696 )
5 0.06512653819363821 -0.0017519709673381738 0.027812795461708072
5 ( -5.505 , -5.1684 ), ( -7.977 , -7.991 ), ( -2.609 , -2.5384 )
6 -0.10335329004694024 -0.03386481517055894 -0.07979580870499707
6 ( -6.380000000000001 , -7.115399999999999 ), ( -7.041 , -7.2878 ), ( -2.0550000000000006 , -2.2332 )
7 -0.0014900045527915249 0.01995163240628774 -4.723021582733828
7 ( -4.825000000000001 , -4.8322 ), ( -6.747999999999999 , -6.616 ), ( -0.20699999999999985 , 0.05559999999999974 )
8 -0.0011824990145840827 -0.013891501195690104 -0.03426539518344917
8 ( -7.602 , -7.611 ), ( -7.34 , -7.4434 ), ( -1.1949999999999998 , -1.2373999999999998 )
9 0.05309000414765681 -14.809523809523736 3.921259842519683
9 ( -5.078000000000001 , -4.822 ), ( -0.1160000000000001 , 0.008400000000000052 ), ( -0.625 , -0.12700000000000006 )
10 -0.02605824784813126 -0.1585575271894679 0.09735509285312327
10 ( -3.3039999999999994 , -3.3924 ), ( -3.233999999999999 , -3.8434 ), ( -0.7800000000000002 , -0.7108000000000002 )
no leading vehilce at  11
no leading vehilce at  11
no leading vehilce at  11
no leading vehilce at  11
no leading vehilce at  11
11 -0.012194695831440628 nan -1.458789010402773
11 ( -11.308 , -11.4476 ), ( 0.0 , 0.0 ), ( 0.3439999999999994 , -0.7498000000000001 )
12 0.12653597223524982 0.07636751610652885 0.17430493842833567
12 ( -2.4019999999999992 , -2.1321999999999997 ), ( -5.246 , -4.8738 ), ( -1.8499999999999996 , -1.5753999999999997 )
13 0.1250555308751664 0.007733369833014172 0.7801584972116232
13 ( -3.0390000000000006 , -2.701200000000001 ), ( -2.945000000000001 , -2.9224000000000006 ), ( -1.213 , -0.6814 )
14 -0.057649667405764514 0.05232637467594502 -1.0730519480519507
14 ( -0.08499999999999996 , -0.09019999999999992 ), ( -3.085000000000001 , -2.9316000000000004 ), ( -0.009000000000000341 , 0.12319999999999993 )
15 0.030028231670801528 0.08243315034531626 -0.13043478260868593
15 ( -4.816 , -4.6756 ), ( -2.4450000000000003 , -2.2588 ), ( -0.05200000000000049 , -0.059799999999999895 )
16 0.03154553698665642 0.2560386473429951 0.05125026376872762
16 ( -6.370000000000001 , -6.1752 ), ( -0.7799999999999998 , -0.6209999999999999 ), ( -7.971 , -7.5824 )
17 -0.0 -0.021545381059962142 0.0003573768538923902
17 ( -20.127 , -20.127 ), ( -18.883 , -19.298799999999996 ), ( -3.359 , -3.3578 )
18 -2.4952956989247324 -0.3052221861822901 -2.6431166733952365
18 ( 0.4450000000000003 , -0.2975999999999999 ), ( -2.1419999999999995 , -3.0829999999999997 ), ( 0.8140000000000001 , -0.4953999999999999 )
19 0.025876402937508657 0.05719726355878424 -0.037721324095458156
19 ( -5.923 , -5.7736 ), ( -5.996 , -5.6716 ), ( -0.25 , -0.25980000000000003 )
20 0.0010493339010889948 -0.0029791011540255545 -0.0
20 ( -13.165000000000001 , -13.1512 ), ( -13.252999999999998 , -13.292599999999998 ), ( -0.9630000000000001 , -0.9630000000000001 )
21 7.372456502489452e-05 0.00470862846104289 -0.030535538389755798
21 ( -2.7129999999999996 , -2.7128 ), ( -4.993 , -4.969600000000002 ), ( -3.7399999999999998 , -3.8577999999999997 )
22 -0.008000415606005777 0.1777878650325315 -0.3294322315356641
22 ( -11.456999999999999 , -11.549400000000002 ), ( -7.784000000000001 , -6.609 ), ( 0.847999999999999 , 1.2645999999999997 )
23 0.3583638583638582 0.2788293303642437 -0.060022650056624785
23 ( -3.5599999999999996 , -2.6208 ), ( -3.216 , -2.5148 ), ( 0.6640000000000006 , 0.7064000000000004 )
24 -0.22246558197747202 6.9605263157894655 0.0029670446116353147
24 ( 1.9879999999999995 , 2.5568 ), ( -0.484 , -0.060800000000000055 ), ( 1.8930000000000007 , 1.8874000000000002 )
25 -0.012071849320049411 -0.15232288350509876 0.38193421698576374
25 ( -5.434000000000001 , -5.500400000000001 ), ( -3.1420000000000012 , -3.7066000000000003 ), ( 1.689 , 1.2221999999999997 )
26 -0.017712276906436213 -0.02009916297915425 -0.33228511530398275
26 ( -1.4529999999999994 , -1.4791999999999998 ), ( -3.676 , -3.7513999999999994 ), ( -0.6370000000000005 , -0.954 )
27 0.07627586206896539 -0.05728153263914133 0.042257150219015625
27 ( -7.802999999999999 , -7.25 ), ( -8.817999999999998 , -9.353799999999998 ), ( -1.6180000000000003 , -1.5524000000000004 )
28 0.1398004320543155 -0.10553187270744514 0.06317411402157193
28 ( -4.432000000000001 , -3.8884000000000007 ), ( -3.609000000000001 , -4.034800000000001 ), ( -0.5520000000000005 , -0.5192000000000003 )
29 0.03377868525012179 -0.022603147136754126 5.420454545454579
29 ( -4.6579999999999995 , -4.505800000000001 ), ( -3.615 , -3.698599999999999 ), ( -0.11299999999999955 , -0.017599999999999838 )
30 -0.036401929884834344 -0.04921901337228889 -1.1298052920619062
30 ( -12.902 , -13.3894 ), ( -8.461 , -8.899 ), ( 0.0519999999999996 , -0.4006 )
31 0.017633565898881636 0.056158580978224966 0.19042575725481908
31 ( -4.2589999999999995 , -4.1852 ), ( -6.383 , -6.0436 ), ( -3.3720000000000008 , -2.8326000000000002 )
32 1.3035066505441366 0.5529308836395432 -0.07951911935110073
32 ( -0.7619999999999987 , -0.33079999999999926 ), ( -0.7099999999999991 , -0.45719999999999994 ), ( 3.8130000000000006 , 4.1424 )
33 0.044943820224719155 -0.05454545454545291 1.8159240321402488
33 ( -0.18599999999999994 , -0.17799999999999994 ), ( 0.05200000000000049 , 0.055000000000000424 ), ( -0.7709999999999999 , -0.27379999999999993 )
34 0.2008360250807522 0.041497936673222914 -0.4260737362219691
34 ( -3.792 , -3.1578000000000004 ), ( -5.401 , -5.1858 ), ( 0.3019999999999996 , 0.5261999999999996 )
35 1.3491427299042527 0.8913362701908953 0.7353132451766744
35 ( -2.110000000000001 , -0.8982000000000007 ), ( -2.5760000000000005 , -1.3620000000000005 ), ( -1.6010000000000009 , -0.9226000000000006 )
36 -0.31131592421914966 0.015323496027241723 0.06590724165988714
36 ( -0.8070000000000004 , -1.1718 ), ( -1.7889999999999997 , -1.7619999999999998 ), ( -0.26200000000000045 , -0.24580000000000019 )
37 0.00035801658810187596 -0.0009832841691249142 0.10661178969729161
37 ( -3.3529999999999998 , -3.3518 ), ( -3.048 , -3.051 ), ( 1.667 , 1.5064 )
38 0.08394074770750022 -0.01789729292202519 -0.10424806717100336
38 ( -1.8439999999999994 , -1.7012 ), ( -4.368 , -4.4475999999999996 ), ( -4.3100000000000005 , -4.8116 )
39 -0.2720035382574083 0.0066383155274349894 0.09989484752891632
39 ( -1.646 , -2.261 ), ( -1.9409999999999998 , -1.9281999999999997 ), ( 1.0459999999999994 , 0.951 )
40 -0.10105438602847949 -0.07042869641294852 -0.28637951105937137
40 ( -4.962 , -5.519800000000001 ), ( -2.975 , -3.2004000000000006 ), ( -0.613 , -0.859 )
41 -0.06567341190423263 -0.0013102343863735798 0.000984574991795283
41 ( -2.520999999999999 , -2.6981999999999995 ), ( -1.3719999999999999 , -1.3738 ), ( -0.6099999999999994 , -0.6093999999999994 )
42 -0.008298388319102557 0.0036855779107004714 0.18816158997623672
42 ( -15.703000000000001 , -15.834399999999999 ), ( -16.612000000000002 , -16.551 ), ( -1.0999999999999996 , -0.9257999999999997 )
43 -0.06944185178271442 0.2104779411764701 0.2460552268244575
43 ( 1.9939999999999998 , 2.1428000000000003 ), ( 2.6339999999999986 , 2.1759999999999997 ), ( 2.5269999999999992 , 2.0279999999999996 )
44 0.5872235872235881 -0.007374204742625466 1.2873975409836018
44 ( -1.2919999999999998 , -0.8139999999999994 ), ( -2.7460000000000004 , -2.7663999999999995 ), ( 0.8929999999999989 , 0.39040000000000036 )
45 0.16768058590750684 0.12462981243830228 0.5038867849312338
45 ( -3.9539999999999997 , -3.3862 ), ( -4.557 , -4.052 ), ( -1.5090000000000001 , -1.0034 )
46 0.10027855153203248 2.946666666666663 0.03651084631836256
46 ( -0.15799999999999947 , -0.14359999999999964 ), ( 0.29600000000000115 , 0.07500000000000036 ), ( 1.357000000000001 , 1.3092000000000008 )
47 -0.042404176747739566 -0.03213514543376094 -0.059272011805213985
47 ( -3.008000000000001 , -3.1412000000000004 ), ( -3.048 , -3.1492 ), ( -1.5300000000000002 , -1.6264000000000003 )
48 3.1071428571428563 0.6666666666666675 0.6067415730337096
48 ( -0.16100000000000048 , -0.039200000000000124 ), ( -0.6310000000000002 , -0.37859999999999994 ), ( -0.2860000000000005 , -0.1780000000000001 )
49 8.94288913773797 20.839295248264783 -3.7931034482758625
49 ( -8.879 , -0.8929999999999992 ), ( -8.181000000000001 , -0.3746000000000006 ), ( -5.508 , 1.972 )
50 0.0070403092214247716 -0.06527470529410001 0.5637583892617446
50 ( -4.377000000000001 , -4.3464 ), ( -6.1690000000000005 , -6.599800000000002 ), ( 0.46599999999999997 , 0.29800000000000004 )
51 -0.15802512829587678 -0.0072819792946130675 -0.053497942386832045
51 ( -4.758000000000001 , -5.651000000000001 ), ( -4.526 , -4.5592 ), ( 0.1379999999999999 , 0.1458 )
52 1.266938359653591 0.2934985571210322 12.173913043478336
52 ( -1.7799999999999994 , -0.7851999999999999 ), ( -1.524 , -1.1782 ), ( -0.6059999999999999 , -0.04599999999999973 )
53 2.1523378582202217 -1.4619883040935726 0.03154305200341015
53 ( -0.41799999999999926 , -0.13259999999999933 ), ( 0.07900000000000063 , -0.17099999999999937 ), ( 4.114000000000001 , 3.9882000000000004 )
54 -0.09624367458154932 -0.10759558899309497 6.943207981580979
54 ( -9.286999999999999 , -10.276 ), ( -8.658999999999999 , -9.703 ), ( 2.0700000000000003 , 0.2605999999999996 )
55 -0.20862354892205626 -0.15452123491615738 -2.3627775153519126
55 ( -2.386 , -3.0149999999999997 ), ( -3.237 , -3.8286000000000002 ), ( 0.577 , -0.42340000000000017 )
56 0.25769250012508116 -0.12520064205457476 1.4059024807527807
56 ( -10.055 , -7.994800000000001 ), ( 0.8719999999999999 , 0.9968 ), ( 1.125 , 0.4675999999999999 )
57 -0.024726031169117212 -0.1612453531598513 -0.07738896366083459
57 ( 7.084 , 7.263599999999999 ), ( 1.8049999999999997 , 2.1519999999999997 ), ( 5.484 , 5.944000000000001 )
58 -0.0011422769386979603 -0.6368620549614189 -2.398630136986301
58 ( -4.7219999999999995 , -4.7274 ), ( -1.0729999999999995 , -2.9548 ), ( 1.021 , -0.7300000000000001 )
59 -0.12821868156762045 -0.43709554625047603 -0.3066951099442077
59 ( -4.618 , -5.297199999999999 ), ( -1.1829999999999998 , -2.1016000000000004 ), ( -0.8449999999999998 , -1.2188 )
60 0.052944675788221325 -3.815126050420164 4.600000000000025
60 ( -4.9559999999999995 , -4.706799999999999 ), ( -0.8039999999999994 , 0.2856000000000002 ), ( -0.30799999999999983 , -0.054999999999999716 )
61 0.2182254196642687 0.1539538138558434 0.7057673509286406
61 ( -1.524 , -1.251 ), ( -1.649 , -1.4289999999999998 ), ( 0.698 , 0.4092000000000001 )
abnormal huge acc/dec at trajectory  62
62 -0.018051434223541146 0.011552316674257903 0.4973321476211647
62 ( -3.971 , -4.0440000000000005 ), ( -4.886 , -4.8302 ), ( -1.3469999999999995 , -0.8995999999999998 )
63 -0.5769622833843009 0.3549224776598182 0.07904405452734951
63 ( -0.33200000000000074 , -0.7848000000000003 ), ( 3.547999999999999 , 2.6185999999999994 ), ( 6.284999999999999 , 5.824599999999999 )
64 -0.04152104741536702 0.028426161312687825 0.6575677710843371
64 ( -3.675 , -3.8342 ), ( -4.45 , -4.327 ), ( -1.7610000000000001 , -1.0624000000000002 )
65 0.5519092163778562 0.23665597680446337 23.396551724137954
65 ( -4.048 , -2.6084 ), ( -5.63 , -4.5526 ), ( -1.6979999999999997 , -0.06959999999999993 )
66 0.6035920461834511 4.39011703511054 2.7499999999997224
66 ( -1.5 , -0.9353999999999999 ), ( -0.8289999999999997 , -0.15379999999999977 ), ( -0.009000000000000341 , -0.0024000000000002687 )
67 0.011703511053315862 0.006920884787623821 0.04651162790697832
67 ( -2.3339999999999996 , -2.307 ), ( -1.484 , -1.4738 ), ( -0.027000000000000135 , -0.02580000000000009 )
68 -0.9222222222222225 0.22028296416560358 5.159600997506234
68 ( -0.041999999999999815 , -0.5399999999999998 ), ( -4.209 , -3.4492 ), ( 0.4939999999999998 , 0.08019999999999997 )
69 -1.2427724240177913 -0.0293931063649815 -0.02306213965406715
69 ( 0.13100000000000023 , -0.5396000000000001 ), ( 0.9180000000000001 , 0.9457999999999996 ), ( 0.6100000000000003 , 0.6243999999999998 )
70 0.18201769425965303 -0.13440105671592525 0.15911633109619702
70 ( -3.447 , -2.9162 ), ( -2.0969999999999995 , -2.4226 ), ( 0.8290000000000002 , 0.7152000000000001 )
71 -0.22661870503597162 -0.3752206141899054 0.28757515030060093
71 ( 0.38700000000000045 , 0.5004000000000008 ), ( 0.3540000000000001 , 0.5666000000000008 ), ( 3.341 , 2.5948000000000007 )
no leading vehilce at  73
no leading vehilce at original lane at  73
no leading vehilce at  73
no leading vehilce at original lane at  73
no leading vehilce at  73
no leading vehilce at original lane at  73
no leading vehilce at  73
no leading vehilce at original lane at  73
no leading vehilce at  73
no leading vehilce at original lane at  73
72 -0.0026613149513546506 nan nan
72 ( -4.572 , -4.5842 ), ( 0.0 , 0.0 ), ( 0.0 , 0.0 )
no leading vehilce at original lane at  74
73 0.025133729024694237 0.15278543849972384 8.688026981450257
73 ( -5.596 , -5.458799999999999 ), ( -5.433999999999999 , -4.713800000000001 ), ( 1.149 , 0.11859999999999996 )
74 0.11907883953450246 0.11868905884517333 -0.8062058303886926
74 ( -8.193 , -7.3212 ), ( -8.513 , -7.6098 ), ( 0.351 , 1.8112000000000001 )
75 0.011090196876430923 -0.1665064410690248 0.11730205278592415
75 ( -3.9750000000000005 , -3.9314 ), ( -1.7340000000000009 , -2.0804 ), ( -0.7620000000000005 , -0.6820000000000002 )
76 -0.4442617560013155 -0.002891990443857624 0.5936309199782255
76 ( -0.3380000000000001 , -0.6082000000000003 ), ( -4.758000000000001 , -4.771800000000001 ), ( 1.1709999999999994 , 0.7347999999999996 )
77 0.006951243391423424 -0.08560225570534856 4.2272727272727355
77 ( -2.0569999999999995 , -2.0427999999999997 ), ( -4.150999999999999 , -4.539599999999999 ), ( 0.34500000000000064 , 0.06600000000000002 )
abnormal huge acc/dec at trajectory  79
78 0.016514302565614744 -0.4195116436807596 -1.5694177863083811
78 ( -3.447 , -3.3910000000000005 ), ( -1.0270000000000001 , -1.7692 ), ( -0.35599999999999987 , 0.6251999999999999 )
79 -0.004872646733111902 0.08085558252427204 -0.0027915632754346243
79 ( -4.493 , -4.515000000000001 ), ( -2.8500000000000005 , -2.6368 ), ( -0.6429999999999998 , -0.6448 )
no leading vehilce at  82
no leading vehilce at original lane at  82
no leading vehilce at  82
no leading vehilce at original lane at  82
no leading vehilce at  82
no leading vehilce at original lane at  82
no leading vehilce at  82
no leading vehilce at original lane at  82
no leading vehilce at  82
no leading vehilce at original lane at  82
80 -1.36179775280899 nan nan
80 ( -0.16100000000000048 , 0.44499999999999973 ), ( 0.0 , 0.0 ), ( 0.0 , 0.0 )
81 -0.08101265822784819 -0.03323027647412067 -1.0767295597484277
81 ( -3.2669999999999995 , -3.5549999999999997 ), ( -8.693 , -8.991799999999998 ), ( 0.06099999999999994 , -0.7950000000000003 )
82 0.031047792030877625 0.03360687768659641 16.941176470588346
82 ( -3.633 , -3.5235999999999996 ), ( -5.819000000000001 , -5.6298 ), ( -0.30500000000000016 , -0.016999999999999904 )
83 0.7219679633867272 0.6380567710086391 0.35454217736121146
83 ( -1.2039999999999997 , -0.6992 ), ( -2.92 , -1.7826 ), ( -1.5030000000000001 , -1.1096 )
no leading vehilce at original lane at  86
no leading vehilce at original lane at  86
no leading vehilce at original lane at  86
no leading vehilce at original lane at  86
no leading vehilce at original lane at  86
84 0.0858071400853705 0.08444424223122071 nan
84 ( -4.476999999999999 , -4.1232 ), ( -4.7669999999999995 , -4.3957999999999995 ), ( 0.0 , 0.0 )
85 0.327630506987529 0.5147735993860321 -5.7710330138445185
85 ( -4.237000000000001 , -3.1914000000000007 ), ( -3.1580000000000004 , -2.0848000000000004 ), ( -0.8959999999999999 , 0.18779999999999983 )
86 -0.004452359750667917 0.13745533360670156 0.00035100035100031244
86 ( -5.59 , -5.615extract_sample_merge_after.py:332: RuntimeWarning: invalid value encountered in double_scalars
  print(count, (du0_0-du0)/du0, (du1_0-du1)/du1, (du2_0-du2)/du2)
 ), ( -7.767000000000001 , -6.8284 ), ( -0.5699999999999998 , -0.5697999999999999 )
87 0.14780725500812109 0.022991175104505383 -0.09458925750394952
87 ( -4.663999999999999 , -4.0634 ), ( 0.8810000000000002 , 0.8612000000000002 ), ( 0.9170000000000003 , 1.0128000000000004 )
88 0.01651695160822961 -0.09740435922944732 0.477630749842472
88 ( -3.508 , -3.4509999999999996 ), ( -1.9960000000000004 , -2.2114000000000003 ), ( -0.4690000000000003 , -0.3173999999999998 )
